0
1
10
100
101
106
108
109
110
111
112
114
115
12
121
123
124
128
129
13
130
137
139
14
140
142
143
145
147
149
15
154
157
159
162
163
164
165
167
169
170
171
173
174
175
177
18
180
181
182
183
185
189
19
191
192
193
196
198
199
200
201
202
204
206
208
209
211
212
214
219
22
220
223
225
226
227
231
235
236
238
239
240
242
243
247
249
252
253
256
258
259
261
262
264
265
268
269
27
270
271
272
276
278
281
283
284
285
287
289
29
290
293
294
295
296
297
30
300
303
307
308
31
312
313
314
315
320
323
325
329
330
331
333
336
337
339
34
340
344
346
347
348
35
352
353
356
358
359
36
360
362
363
364
365
366
368
369
372
375
376
378
379
38
383
384
385
386
389
390
391
393
394
397
398
401
402
404
405
406
408
41
411
413
414
415
416
418
422
423
425
427
428
429
433
434
436
437
438
44
440
441
444
445
446
447
449
450
452
455
461
464
466
468
469
471
473
478
479
48
480
481
483
485
486
487
488
489
49
491
492
493
494
496
498
50
501
503
504
508
509
51
510
511
514
516
517
52
520
521
523
525
526
529
53
530
531
537
54
541
542
543
545
547
549
55
550
553
556
557
558
56
560
561
562
564
565
566
567
568
569
570
571
572
574
576
577
581
585
586
589
59
590
591
592
595
596
597
598
600
601
602
604
605
606
608
609
610
612
613
615
617
619
62
621
622
624
626
628
629
63
630
632
635
636
638
640
641
644
645
646
648
649
65
651
652
655
656
658
66
662
663
667
673
674
675
677
679
681
682
684
688
690
693
695
697
70
708
709
71
712
715
716
717
719
720
721
723
725
730
734
738
74
740
741
742
743
745
750
751
753
755
757
759
76
763
764
766
768
769
770
771
774
78
780
782
786
788
789
79
790
792
794
798
799
801
805
806
807
810
812
815
818
819
821
823
825
826
827
834
836
837
84
842
843
845
848
851
852
856
857
860
863
865
867
868
869
874
875
876
877
879
88
880
882
886
888
889
890
891
892
895
897
90
900
901
904
905
906
908
909
911
913
914
915
916
921
923
927
929
935
936
937
939
94
941
943
944
947
948
950
951
953
954
957
958
96
961
965
967
968
969
97
970
971
974
975
976
978
980
982
983
984
986
987
99
991
995
996
