1
10
100
102
104
105
108
109
11
110
111
112
113
114
116
119
12
120
124
126
127
129
13
132
133
136
137
138
139
14
143
144
145
148
149
15
150
151
152
154
155
162
166
167
168
169
17
170
171
175
179
182
184
186
187
188
190
192
193
194
197
198
200
203
205
207
208
209
210
211
213
215
217
218
219
22
221
222
223
224
226
228
23
231
232
237
238
239
24
240
242
245
246
248
249
250
252
253
255
257
258
259
26
260
261
264
266
267
268
27
270
271
272
274
276
277
278
28
284
285
286
290
291
292
293
298
299
3
302
304
305
306
307
308
31
310
311
312
315
316
319
32
321
322
323
327
329
331
337
338
339
340
341
342
345
347
35
350
352
354
356
358
359
36
361
362
364
365
368
370
371
372
374
375
376
377
378
379
380
382
383
384
385
39
393
396
397
398
4
40
401
402
404
405
406
407
410
411
415
416
417
419
42
420
422
423
424
425
426
427
43
431
432
435
44
441
442
443
448
449
450
451
452
454
455
456
457
458
46
465
466
467
469
470
471
472
474
475
477
478
48
482
485
486
487
489
49
490
493
494
497
498
499
5
501
502
503
504
505
508
51
512
513
514
515
516
518
519
52
525
53
532
537
539
542
543
544
547
548
55
551
552
555
556
557
558
560
561
563
564
568
569
57
570
572
574
575
576
577
578
579
581
583
584
585
587
59
594
595
596
598
599
6
600
601
603
604
606
607
608
61
610
611
613
614
619
622
624
625
626
627
629
63
631
632
633
635
637
638
64
644
645
647
648
649
65
650
651
652
653
654
658
659
66
661
664
666
667
669
67
670
672
674
675
677
678
679
683
70
73
75
76
78
81
82
84
86
88
89
9
90
92
93
94
98
99
