105
110
113
114
115
119
120
121
124
125
128
135
147
158
163
165
169
189
191
194
195
2
200
202
204
205
206
208
211
219
22
224
225
228
238
243
245
257
260
281
286
287
289
294
297
308
31
312
313
314
316
317
320
322
323
336
343
360
361
362
366
367
37
377
381
382
386
387
388
40
400
407
421
427
431
444
450
463
481
482
489
494
495
496
500
504
508
519
529
533
534
536
542
547
555
56
565
57
570
581
589
595
60
602
607
610
613
616
629
633
641
653
657
670
676
689
690
694
696
697
70
713
715
72
723
729
73
738
74
743
746
747
749
756
761
765
768
769
772
779
793
797
806
81
811
813
815
820
823
827
831
834
844
853
858
859
867
868
885
888
889
894
896
9
90
904
920
924
927
931
947
