0
1
10
100
101
102
103
104
105
108
109
11
110
112
113
114
115
116
119
120
121
122
123
126
127
128
129
13
131
132
133
134
135
136
137
138
139
14
140
141
143
144
145
146
147
148
149
15
150
151
152
153
154
155
156
157
158
160
161
162
164
165
166
167
168
169
17
170
171
172
175
176
177
178
179
18
180
181
182
184
185
186
187
188
189
19
190
191
193
194
196
197
198
199
2
20
200
201
203
205
206
207
208
209
21
210
211
212
213
214
216
217
218
219
22
220
222
223
224
225
226
227
228
229
23
230
231
232
233
234
235
236
237
239
24
240
241
242
243
244
245
246
247
248
249
25
250
251
252
253
254
255
257
258
259
26
260
261
262
263
264
265
266
267
268
272
274
276
277
28
281
282
283
288
289
29
291
3
30
31
32
33
34
35
37
39
4
40
42
43
44
45
47
49
5
50
51
52
53
56
57
58
59
6
60
61
62
63
64
65
66
67
68
69
7
70
71
72
73
74
75
76
77
78
79
8
81
82
83
84
85
86
87
88
89
9
90
91
93
94
95
96
97
98
99
