1
100
104
110
113
114
117
120
121
122
124
129
14
143
146
148
150
156
157
158
159
16
160
161
164
168
169
173
175
18
183
186
187
188
190
195
197
202
208
218
222
225
229
23
230
237
240
247
249
261
266
267
27
270
272
273
274
276
280
282
284
287
290
291
293
294
297
298
299
30
300
301
307
31
311
313
315
317
320
323
326
337
338
340
342
351
353
356
358
36
361
362
363
364
373
375
382
39
390
392
395
396
399
400
401
403
405
41
410
414
416
421
422
424
425
43
432
433
435
438
442
445
446
451
452
454
459
469
47
470
476
477
479
480
481
483
49
493
494
496
499
500
502
506
507
508
514
515
519
522
525
528
537
538
539
541
543
547
554
555
556
559
565
567
578
582
584
586
590
591
595
596
605
608
615
616
617
618
619
620
622
630
632
636
639
641
644
645
647
648
65
650
654
655
657
66
664
666
667
668
669
671
673
675
676
68
682
687
689
692
699
7
70
700
709
712
715
719
726
728
732
733
734
735
737
74
742
745
747
750
753
758
76
761
764
767
776
777
780
782
79
792
796
797
799
803
804
805
808
813
815
82
822
825
827
833
835
84
845
85
850
852
859
860
862
863
864
866
871
873
878
881
882
887
889
891
896
897
899
904
910
919
921
923
924
925
926
928
929
93
930
933
939
949
95
955
956
957
962
965
968
972
976
979
98
980
986
987
988
989
991
992
