0
1
10
100
103
104
107
108
109
110
112
114
115
116
118
119
12
120
121
122
123
124
125
126
127
128
129
13
130
131
132
133
134
135
137
138
14
140
141
142
143
145
148
149
15
151
152
153
155
156
157
158
159
16
160
164
165
166
167
168
169
17
170
171
172
173
174
175
177
178
179
18
180
182
183
184
185
186
187
188
19
190
192
193
194
195
196
197
199
2
20
200
202
203
204
205
209
21
210
211
212
214
216
217
218
22
220
223
225
226
227
228
229
23
230
232
233
235
236
237
24
240
241
242
243
244
245
246
247
249
25
251
252
253
255
256
257
259
26
262
264
265
266
267
268
271
276
277
278
279
28
281
282
283
284
285
286
287
288
289
29
291
292
295
297
298
299
3
30
300
301
302
304
305
306
307
308
309
31
311
314
315
316
32
322
323
325
326
328
329
330
331
332
333
336
337
339
34
340
341
342
343
344
347
349
35
350
351
354
355
356
357
358
359
36
360
361
362
363
364
365
366
367
368
369
37
370
371
373
374
375
376
377
379
381
382
383
385
387
388
389
39
393
394
396
398
399
40
400
401
403
404
405
406
407
409
41
410
411
412
413
414
415
416
417
418
419
42
421
422
425
427
429
43
431
432
434
435
436
437
439
44
440
441
443
444
445
446
448
449
45
450
451
452
453
454
455
456
457
458
46
462
464
465
466
467
468
470
471
473
474
475
476
477
478
479
480
482
483
484
485
486
488
489
49
490
491
492
493
494
495
496
497
5
500
501
502
503
504
507
508
509
51
511
514
515
516
517
518
519
52
520
522
523
525
527
528
529
53
530
531
532
533
534
535
537
538
539
54
540
543
545
546
547
548
549
55
550
552
553
554
555
556
557
559
560
561
563
564
566
567
568
569
57
570
571
572
573
574
575
576
577
578
579
58
580
581
583
584
587
588
589
59
590
591
592
593
596
597
598
599
6
60
600
602
604
605
607
608
609
61
610
611
612
613
614
615
616
617
618
619
620
622
624
625
626
627
628
629
63
630
632
633
634
635
636
638
639
64
640
642
644
646
647
649
65
650
651
653
654
656
66
660
661
663
664
665
666
667
669
67
670
671
672
673
674
675
676
677
68
680
681
682
683
684
685
686
687
688
689
69
690
691
692
693
695
696
697
70
701
703
704
707
708
709
71
710
711
712
713
714
720
721
724
725
726
727
728
729
73
730
732
733
734
735
736
737
738
739
740
742
743
744
745
746
748
749
75
752
753
755
756
757
758
76
763
765
766
767
768
77
770
771
774
776
778
780
781
782
783
784
787
788
79
790
791
793
794
795
796
797
798
80
800
801
802
803
805
806
807
809
81
811
812
815
816
817
818
819
82
820
821
825
826
829
83
830
831
832
833
834
835
836
838
839
84
841
842
843
844
845
846
847
848
849
85
850
851
854
855
856
857
859
86
860
861
863
864
865
866
867
868
869
87
870
871
872
873
874
875
876
877
878
879
88
883
885
886
887
888
89
890
891
892
894
895
896
897
898
899
90
900
901
902
903
904
905
906
907
908
909
91
910
911
912
914
915
916
918
92
920
922
923
925
927
928
929
93
930
931
932
933
934
935
936
937
938
939
94
940
941
942
943
944
945
946
947
949
95
950
951
953
954
955
956
957
958
959
96
960
963
965
966
967
968
969
97
970
971
973
977
978
979
98
980
981
982
983
984
986
987
989
990
992
993
994
997
