1
100
101
102
103
104
107
110
111
114
116
121
124
126
127
128
129
13
130
131
132
133
139
14
140
141
142
144
146
151
152
154
157
158
160
164
165
167
169
171
173
177
180
181
182
183
184
185
186
188
190
193
194
196
198
199
20
200
203
206
207
209
213
214
217
22
221
223
224
225
226
23
230
231
232
233
234
235
238
242
243
244
245
246
247
250
252
254
257
258
259
260
261
263
264
268
27
272
273
276
28
280
281
284
285
29
292
294
296
299
3
303
305
306
308
311
317
318
319
32
324
327
329
33
332
333
335
338
340
341
344
345
347
348
349
350
351
358
359
360
363
364
365
366
367
368
369
371
372
373
374
375
376
378
38
380
384
385
386
388
389
391
392
393
396
397
4
40
400
404
406
407
408
411
412
413
417
418
419
42
420
421
422
423
426
428
43
430
434
437
438
439
44
440
441
442
446
447
448
449
451
452
453
454
455
456
457
458
46
460
461
465
467
469
470
472
475
479
480
481
483
484
485
486
487
488
49
490
491
492
495
498
50
500
501
503
506
509
51
512
513
514
515
516
517
519
52
520
521
525
526
527
528
529
531
535
536
538
540
541
542
543
547
553
555
558
561
563
564
566
567
568
569
574
576
579
580
583
586
587
589
590
593
594
595
598
6
600
601
604
606
607
609
612
615
616
618
619
623
624
625
628
63
632
633
635
637
64
640
644
645
646
647
648
649
65
650
652
654
655
656
657
659
661
662
666
668
670
671
680
684
685
686
691
692
693
694
695
697
699
70
700
701
702
703
706
708
71
712
715
716
717
719
72
724
726
727
73
730
732
733
735
736
737
739
743
745
75
750
751
753
754
755
756
758
762
764
765
766
767
77
770
771
772
773
774
777
782
785
786
791
795
797
798
799
8
800
801
803
804
805
807
809
81
812
813
815
817
819
820
822
825
827
828
83
830
834
835
837
839
841
842
844
86
88
91
92
95
98
99
