0
102
104
106
107
108
11
110
111
112
115
116
117
118
120
123
126
128
129
13
130
131
132
133
134
135
138
139
145
147
15
151
152
155
156
157
158
16
161
163
164
165
167
168
169
17
170
171
173
175
176
177
178
179
18
181
183
184
185
187
188
19
190
191
194
195
197
199
2
20
201
202
203
204
21
211
212
214
215
216
218
22
220
221
223
224
226
227
228
23
230
231
232
233
234
235
236
238
239
240
242
243
244
248
249
250
251
254
255
256
258
26
261
262
263
265
266
267
269
271
273
274
275
277
278
279
28
282
283
284
285
287
288
29
291
293
294
295
297
298
299
30
300
302
303
305
306
307
308
310
312
314
316
317
319
32
320
324
329
33
330
333
334
335
337
34
340
344
345
346
349
35
350
353
354
357
36
361
362
363
364
365
366
369
371
372
374
375
376
377
378
379
380
381
382
383
384
387
388
390
391
392
393
394
396
397
4
40
400
401
402
403
404
405
406
407
408
409
411
412
414
418
422
423
425
427
429
43
430
431
435
436
437
44
441
442
446
448
450
451
452
453
454
456
457
458
459
461
464
465
466
469
472
474
475
477
478
479
48
480
482
484
486
487
488
489
49
491
492
493
496
497
505
506
508
509
51
510
513
515
516
519
521
524
527
528
529
53
532
534
539
54
541
543
544
545
547
549
551
553
554
555
556
557
558
559
560
562
563
565
566
567
568
569
57
570
571
572
573
576
578
58
581
582
583
585
588
589
592
594
595
597
60
600
603
604
606
608
609
610
611
613
618
619
62
620
626
627
628
629
63
631
633
635
636
638
639
640
641
642
643
644
645
646
647
648
649
651
652
654
66
660
668
671
672
675
679
68
680
681
682
683
686
688
690
691
695
696
70
707
709
711
712
713
715
716
719
72
722
723
724
725
728
73
732
739
740
741
743
745
746
748
75
750
751
752
754
755
757
758
759
760
761
762
763
764
766
77
774
775
776
779
781
784
785
790
791
794
796
8
803
804
805
806
807
809
811
814
815
816
818
819
82
821
823
826
827
831
832
834
835
836
838
839
840
842
843
844
846
847
849
85
850
851
852
853
854
856
858
859
86
861
862
866
868
87
870
871
872
873
875
876
878
879
88
880
881
882
884
886
887
888
889
89
893
894
895
896
897
898
899
9
90
903
906
91
910
911
912
914
916
918
920
922
924
925
927
929
93
930
932
934
935
936
937
94
940
942
943
944
945
947
948
95
950
951
955
956
957
958
959
96
960
965
966
97
970
973
974
977
98
980
982
983
985
986
988
989
990
992
995
996
998
999
